1925
1961
1813
1954
1960
1951
1955
1967
1939
1847
1949
1979
1936
1989
1929
1927
1868
1922
1932
1952
1877
1969
1847
1978
1940
1865
1844
1997
1987
1954
1934
1884
1850
1938
1937
1891
1989
1874
1866
1945
1945
1965
1978
1850
1952
1987
1952
1859
1947
1943
1985
1987
1937
1985
1962
1918
1972
1926
1957
1977
1934
1995
1940
1957
1869
1860
1932
1967
1986
1950
2000
1913
1916
1908
1980
1980
1996
1988
1944
1973
1980
1998
1965
1851
1997
1925
1937
1946
1987
1815
1994
1985
1908
1911
1930
1915
1963
1961
1980
1986
1984
1985
1899
1937
1930
1817
1962
1943
1843
1924
1905
1979
1990
1945
1883
1996
1910
1842
1862
1927
1957
1955
1971
1969
1920
1991
1985
1963
1961
1984
1953
2003
1982
1997
1926
1975
1939
1938
1936
2004
1940
1985
1998
1940
2003
1982
1903
1555
1903
2001
1993
1989
1920
1929
1992
1965
1880
1925
1953
1920
1961
1853
2001
1994
2002
1962
2006
1940
1915
1995
1968
1959
1973
1943
1979
1605
1934
1984
2003
1919
1990
1902
1949
1981
1960
1903
1989
1914
1991
1973
1934
1929
1932
2008
1759
1985
2005
1915
1969
2003
1922
1904
1964
1997
1900
1993
1995
1934
1947
1984
1936
1958
1927
1968
1952
1949
1977
1964
1953
1982
1948
1964
1970
-440
1998
1970
1976
1982
1951
1989
1928
1874
2001
1936
1996
1907
1961
1951
1913
1981
1904
1994
1980
1995
1843
1915
1976
1990
1920
1963
1998
1880
1997
1934
1939
1948
1899
1985
1976
1963
1969
1993
1959
1994
1982
1992
1937
1930
1982
1987
2008
1877
1924
1971
1982
1957
2001
1924
1928
2008
1916
1952
1911
1997
1995
1991
1928
2006
1990
1759
2007
1959
1987
1974
1951
1957
1942
1943
2001
1958
1749
1962
1947
1959
1989
1951
1998
1997
1920
1935
1988
1914
1974
1968
1996
1939
2002
1990
2002
1988
1929
1957
2000
1974
1939
1837
1966
1859
1993
1906
1938
1987
1961
1994
1895
1925
1939
1970
2001
1995
1980
1960
1987
1981
1901
1925
2000
1554
1948
1908
1867
1969
1959
1998
1978
1883
1946
1927
1944
1998
1997
1993
2007
2000
1978
1951
1992
1859
1979
1976
2005
1938
1986
1766
1984
1900
1932
2006
1975
1953
1982
1956
1967
1021
1908
1994
1933
1996
1957
1980
1603
1997
1945
1897
1983
1962
1992
1932
1985
1982
1988
1987
1818
-700
1954
1983
1975
1961
1977
1979
1991
1966
1975
2001
1978
1954
1995
1999
1985
1997
1905
1977
2000
1979
1939
1981
1980
1945
1985
1998
1934
1974
2002
1977
1950
1955
1994
2000
2012
2004
1988
1918
1977
1855
